	0	1	2	3	4	5	6
0	1.0	3.001725874505921e-09	1.0301954603151341e-07	0.09538901901447226	0.00525758050588421	0.007877449944676044	0.00525758050588421
1	3.001725874505921e-09	1.0	0.8462259902824246	0.002086571936610365	0.010825099333204502	0.05308153102410794	0.033049639320738684
2	1.0301954603151341e-07	0.8462259902824246	1.0	0.00525758050588421	0.033049639320738684	0.09585449432603926	0.07565946489450177
3	0.09538901901447226	0.002086571936610365	0.00525758050588421	1.0	0.4096537683354326	0.35840489871920167	0.3503876052213497
4	0.00525758050588421	0.010825099333204502	0.033049639320738684	0.4096537683354326	1.0	0.8462259902824246	0.8462259902824246
5	0.007877449944676044	0.05308153102410794	0.09585449432603926	0.35840489871920167	0.8462259902824246	1.0	0.9856967947073745
6	0.00525758050588421	0.033049639320738684	0.07565946489450177	0.3503876052213497	0.8462259902824246	0.9856967947073745	1.0
